000000000000000000000000000000000000000000000000000000000000000000000000000000000000000000000000000000000000000000000000000000000000000000000000000000
000000000000000000000000000000000000000000000000000000000000000000000000000000000000000000000000000000000000000000000000000000000000000000000000000000
000000000000000000000000000000002200000000000000000000000000000000000000000000000000000000000000000000000000000000000000000000000000000000000000000000
000000000000000000000000000000000000300300000000000000000000000000000000000000000000000000000000000000000000000000000000000000000000000000000000000000
000000000000000000000322200000000001111111000000000000022220000000000300000000000000000022002200000000000000000000000000000000000000000000000000000000
000000000000000000000111110000000000000000000000000000011110000000000300300000002200000000000000000000000000030000022000000000000000000001100000000000
000000000000000000000000000000000000000000000220000000000000000000000001111110000000000000000000000003000000000000000000000111000000000001100000000000
000000000000000000000000000000000000000000000000000000000000000000000000000000000000000000000000000111111110000000000000000000000000000111100000000000
000000000000000000000000000000111110000000000000000000000000000000000000000000000111000000000000000000000000000000000000000000000000000111100000000000
000000000000000000011111111000000000000000000000000000000000000001110000000000000000000001110000000000000000000111100111100000000000011111100000000000
000000000000000000000000000000000000000000000000001111200000000000000000000000000000000000000000000000000000000000000000000000000000011111100000000000
000000000000000000000000000020000000000000000000000000000000000000000000000000000000000000000111100000000000000000000000000000000000011111100000000000
000000000000011110000000000111000000000000000000000000000000000000000000000000000000000000000000000000000000222000000000000000000300011111100000000100
111111111110000000000000000000000000000000000111100000111110111110000000000000000000000000000000000000000000111000000000000011111111111111111111111111
