0000000000000000000000000000000000000000000000000000000000000000000000000000000000000000000000000000000000000000000000000000000000000000000000000000000000000000000000000000000000000000000
0000000000000000000000000000000000000000000000000000000000000000000000000000000000000000000000000000000000000000000000000000000000000000000000000000000000001110000000000000000000000000000
1000001111111111111111111111111111111111111111111111111110000000000111111111111111111111111111111111111111111111000000011110000011111111111111111111111111100000111111111111111111111111111
1000000000000000000011111111111111111111111111110000000000000000000000000000000000000000000000000000000000000000000000000000000000000000000000000000000000000000111111111111111100000000000
1000000000000000000011111111111111111111111111110000000000011100000000000000000000000000000000000000000000000000000000002000000000000000000000000000000000000000111111111111111100000000000
1000000000000000000011111111111111111111111111110022000000000000111000000000000300000000000000000000000000000000000000012200000000000000000000000000000000000000111111111111111100000300000
1000000000000000000000000000000000000000000000000000000000000000000000000000001100000000000000000000000000000000000000000000111000000000000000000000000000000000100000000000000000001100000
1000000000000000000000000000000000000000000000000000000000000000100000000000001100000000000000000000000000000000000000000000000000000000000000000000000000000000100000000000000000001100000
1000000000000000000000000000200000000000003033000000000000000001010000000000001100000001000000000000000000003000000000000000000000000000000000030000000000000000022222222222000000001100000
1000000000000000000000111111221111111111111111110022002220000000001000000300111111000300003000000000000000011000000111011110000000000000000300110000000000000000022111111111000011001100000
1000000000000000000000111110001111111111111111110000000000000000000000001100001100001100011000000000000011011001110000000000000000003000001100110000000000110000000000000000000111001100011
1000000000000000000000111110001111111111111111110000000000000000000000001100001100001100011000000000000111011001110000000000000000011000001100110000000001111110000000000000001111001100011
1000000000000000000000000002221111111111111111110000000000000000000000001103001100001100011000000003030111011001110000000000000000011000301100110000000011110000000000003300011111001100011
1111111111100110010001111111111111111111111111111111111110000001111111111111111111111111111111111111111110011001100000011110000001111111111111110011111111100000111111111111111111111110011
