00000000000000000000000000000000000000000000000000000000000000000000000000000000000000000000000000000000000000000000000000000000000000000000000000000000000000000000000000000000
00000000000000000000000000000000000000000000000000000000000000000000000000000000000000000000000000000000000000000000000000000000000000000000000000000000000000000000000000000000
00000000000000000000000000000000000000000000000000000000000000000000000000000000000000000000000000000000000000000000000000000000000000000000000020000000000000000000000000000000
00000000000000000000000000000000000000000000000000000000000000000000000000000000000000000000000000000000000000000000000000000000000000000000000000000000000000000000000000000000
00000000000000000000000000000000000000000000000000000000000000000000000000000000300000000000000000000000000000000000000000000000000000000000000000000000000000000000000000000000
00000000000000000000211000000000000000000000000000000000000000000000000000001111110000100000000000000000000000000000000000000001111100000000000000000000000000000011000000000000
00000000000000000000000000000000000000000000000000000000000000000000000000000000000000000000000000000000000000000000000000000000000000000000000000110000000000000111000000000000
00000000000000000000000000000000000000000000000000000000010000000000000000000000000000000000000000000000000000000000000000000000000000000000000000000001000000001111000000000000
00000000000000000000000000000000000000000000000000000000010000000000000000000300000000000000000000000000000000000000000000000000300000000000001100000011000000011111000000000000
00000000000000000000000000000000222200000000000000000001111100000000003000011111110000030000000000000003000000000000000000000001111100000000000000000111000000111111000000000000
00000000000000000300010000000000000000010000030001000000000000000000011000000000000000110000000000000011000003000000000000300000000000100001000000001111000001111111000000000000
00000000000010000000010000000100300000010000000001000000000001000000011000000000000000110000000001000011000011000001000001100000000000100001000000011111000011111111000000000000
00000000000010000000010000000100000000000000000001000000000001000000011000000000000000110000000001000011030011000001000001100000000000100001000000111111000111111111000000001000
11111111111111111111111111111111111111111111111111111111111111111100111111111111111111111111111111111111111111111111111111111111111111111111111110111111111111111111111111111111
