0000000000000000000000000000000000000000000000000000000000000000000000000000000000000000000000000000000000000000000000000000000000000000000000000000000000000000000000000000000000000000000000000000000000
0000000000000000000000000000000000000000000000000000000000000000000000000000000000000000000000000000000000000000000000000000000000000000000000000000000000000000000000000000000000000000000000000000000000
0000000000000000000000000000000000000000000000000000000000000000000000000000000000000000000000000000000000000000000000000000000000000000000000000000000000000000000000000000000000000000000000000000000000
0000000000000000000000000000000000000000000000000000000000000000000000000000000000000000000000000000000000000000000000000000000000000000000000000000000000000000000000000000000000000000000000000000000000
0000000000000000000000000000000000000000000000000000000000000000000000000000000000300000000000000000000000000000000000000000000000000000000000000000000000000000000000000000000000000000000000000000000000
0000000000000000000000200000000000000000000000000000000000000000000000000000000011111111000111200000000000000200000000000111000012210000000000000000000000000000000000000000000000000000000011000000000000
0000000000000000000000000000000000000000000000000000000000000000000000000000000000000000000000000000000000000000000000000000000000000000000000000000000000000000000000000000000000000000000111000000000000
0000000000000000000000000000000000000000000000000000000000000000000000000000000300000000000000000000000000000000000000000000000000000000000000000000000000000000000000000000000000000000001111000000000000
0000000000000000000000000000000000000000000000000000000000000000100000000000000000000000000000000000000000000000000000000000000000000000000000000000000000000000000000000000000000000000011111000000000000
0000000000000000200012121000000000000000000000110000000001100000000000000000012100000000000000100000110000200200200000100000000001100000010010000000000110010000000000001121000000000000111111000000000000
0000000000000000000000000000000000000011000000110000000001100000000000000000000000000000000000000000000000000000000000000000000000000000110011000000001110011000000000000000000000000001111111000000000000
0000000000000000000000000000110000000011000000110000000001100000000000000000000000000000000000000000000000000000000000000000000000000001110011100000011110011100000110000000000000011011111111000000000000
0000000000000000000003000000110000000011030000110000030301100000000000000000000000000000000000030300000000300000000000000000330303000011110011110000111110011110000110000000003300011111111111000000001000
1111111111111111111111111111111111111111111111111111111111111111111110011111111111111100011111111111111111111111111111111111111111111111111111111111111110011111111111111111111111111111111111111111111111
