00000000000000000000000000000000000000000000000000000000000000000000000000000000000000000000000000000000000000000000000000000000000000000000000000000000000000000000000000000000000000000000000000000
00000000000000000000000000000000000000000000000000000000000000000000000000000000000000000000000000000000000000000000000000000000000000000000000000000000000000000000000000000000000000000000000000000
00000000000000000000000000000000000000000000000000000000000000000000000000000000000000000000000000000000000000000000000000000000000000000000000000000000000000000000000000000000000000000000000000000
00000000000000000000000000000000000000000000000000000000000000000000000000000000000000000000000000000000000000000000000000000000000000000000000000000000000000000000000000000000000000011000000000000
00000000000000000000000000000000000000000000000000000000000000000000000000000000000000000000000000000000000000000000000000000000000000000000000000000000000000000000000000000000000000011000000000000
00000000000000000000011110000000000000000000002222200000000000111100000000111110000001111000000000000000000000000000002111000000000000000000000000000000000001111100020000000000000100011000000000000
00000000000000000000000000000000000000000000000000000000000000000000000000000000000000000000000000000000000000000000000000000000000000000000000000000000000000000000000000000000000000011000000000000
00000000000000000000000000000000000000000000000000000000000000000000000000000000000000000000000000000000000000000000000000003000000000000000000000000000000000000000000000000000000000011000000000000
00000000000000000100000000000000000000003000000000000000000000000000300000000000000000000000000003000000000000000000300000011000000000000000000000000000000000000000000000000000000000011000000000000
00000000121000003100010000010000000000011000032222200000000001000001100022220022200000000000000011000000000000000001100030011000000000000000000000000000001000300000000000300000001100011000000000000
00000000000000011100000000010000000000011000000000000000000000000001100000000000000000000000000011000000000003000001100110011000000000000000000000010000000000000003000001100000000000011000000000000
00000000000000111100000000011000000000011000000000000000000000000001100000000000000000000000000011000000000011000001100110011000000000000000000300010000000000000000000001100000000000011000000000000
00000000000001111100003300011000330000011000000000003030030033030001100000003033000000000000030011000000003011003001100110011000000000000000000000010000033000000000000001130000000000011000000001000
11111111111111111111111111111111111111111111111111111111111111111111111111111111111110000111111111100011111111111111111111111111111100011111111110011111111111111111111111111111111111111111111111111
