000000000000000000000000000000000000000000000000000000000000000000000000000000000000000000000000000000000000000000000000000000000000000000000000000000000000000000000000000000000000000000000000000000000000000000000000000000
000000000000000000000000000000000000000000000000000000000000000000000000000000000000000000000000000000000000000000000000000000000000000000000000000000000000000000000000000000000000000000000000000000000000000000000000000000
000000000000000000000000000000000000000000000000000000000000000000000000000000000000000000000000000000000000000000000000000000000000000000000000000000000000000000000000000000000000000000000000000000000000000000000000000000
000000000000000000000000000000000000000000000000000000000000000000000000000000000000000000000000000000000000000000000000000000000000000000000000000000000000000000000000000000000000000000000000000000000000000000000000000000
000000000000000000000000000000000000000000000000000000000000000000000000000000000000000000000000000000000000000000000000000000000000000000000000000000000000000000000000000000000000000000000000000000000000000000000000000000
000000000000000000200000000000000000000000000000000000000202000000000000000000000000010000000000000000000000000000000000000000000000000000000222200000000000000000000000000000000000000000000000000000000000000011000000000000
000000000000000000000000000000000000000000000000000000000000000000000000000000000000000000000000002222000000000022220000000000002222000000000000000000000000000000000000000000000000000000000000000000000000000111000000000000
000000000000000000000000000000000000000000000000000000000000000000000000000000000000000000000000000000000000000000000000000000000000000000000000000000000000000000000000000000000000000000000000000000000000001111000000000000
000000000000000000000000000000000002200000000000000000000000000000000000000000000000000000000000000000000000003000000000000000300000000000000000000000000000000000000000000000000000000000000000000000000000011111000000000000
000000000000000300200000000000000020020000000000000000000202000000000000000000000002222000000000000000000000011000000000000001100000000000022211222000000000000000000000000000000000000000000000000000000000111111000100000000
000000000000001100000000000000000000000000000000000000000000000000000000000000000000000000000000100000000000011000000000000001100000000000000000000000000000030000000000000000000000001000000000000000000001111111000000000000
000000000000001100000000000000000000000000000000000000000000000000000000000000000000000000000000100000000000011000000000000001100000000000000000000000000000110000000000000000000000001000000000000000000011111111000000000000
000000000000001100000000000000000000000000000000000000000000000000000000000000000000000000000000100000000000011000000000000001100000000000000000000000000000110000000000000000000000001000000000000000000111111111000000001000
111111111111111111111111100111111111111111111111111111111111111111111110000111111111111111111111111111111111111111111111111111111111111111111100111111111111111111111110001110011111111001111111111111111111111111111111111111
