00000000000000000000000000000000000000000000000000000000000000000000000000000000000000000000000000000000000000000000000000000000000000000000000000000000000000000000000000000000000000000000000000000
00000000000000000000000000000000000000000000000000000000000000000000000000000000000000000000000000000000000000000000000000000000000000000000000000000000000000000000000000000000000000000000000000000
00000000000000000000000000000000000000000000000000000000000000000000000000000000000000000000000000000000000000000000000000000000000000000000000000000000000000000000000000000000000000000000000003000
00000000000000000000000000000000000000000000000000000000000000000000000000000000000000000000000000000000000000000000000000000000000000000000000000000000000000000000000000000000000000000000000000000
00000000000000000000000000000000000000000000000000000000000000000000000000000000000000000000000000000000000000000000000000000000000000000000000030000000000000000000000000000000000000000000000000000
00000000000000000000000000000000000000000000000000000000000000000000000000010000000111000000000000000000112111211100000000111000000000000000000121001210000000000000000000000000000000011100000000000
00000000000000000000000000000000000000000000000000000000000000000000000000000000000000000000000000000000000000000000000000000000000000000000000000000000000000000000000000000000000000111100000000000
00000000000000000000000000000000000000000000000000000000000000000000000000000000000000000000000000000000000000000000000000000000000000110000000000000000000000000200000011000000000003111100000000000
00000000000020020000000000000000300000000000000000000000000000000000000000303300000000000000000003000000000000000000000000111000000001110000000000000000000000000030000011000000000011111100000000000
00000000020300000031110000300001100000000000000000030010000000000000010000000011011000000000000011000000111111111110000000000000000011110000000121001210000000011111000011000000000111111100000000000
00000000000300000000000001100001100000000000000000110000000003000000111000000011011000000000000011000000000000000000000000000000000111110000000000000000000030030000000111000000031111111100000000000
00000000000000000000000001100001100000000000000000110000000011000001111000000011011100000000000011000000000000000000000000000000001111110000000000000000000000000003000111000000011111111100000000000
00000000000000000000000001100031100000000000330300110300000011000011110000000010011100303000300011000000000000000000000000000000011111110000030000030000000000000000000111000000111111111100000001100
11111111111111111111111111111111111111000111111111111111111111111111110000000010011111111111111111111111111111111111111110000111111111100111111111111111111111111111111111000111111111111111111111111
