00000000000000000000000000000000000000000000000000000000000000000000000000000000000000000000000000000000000000000000000000000000000000000000000000000000000000
00000000000000000000000000000000000000000000000000000000000000000000000000000000000000000000000000000000000000000000000000000000000000000000000000000000000000
10000011111111111111111111111111111111111111111111111111111111111111111111111111111111111211111111111111111111111111111111111111111111111100000000000000000000
10000000000000000000000000000000000000000000000000000011001111110011110000001111000000000000000000000000000000000000000000000000000000000000000000000000000000
10000000000000000000000000000000000000000000000000000011001111110011110030001111000000000000000000000000000000000000000000000000000000000000111000000000000000
10000000000000000000000000000000000000000222200000001100000000110001000011000000000022222200000000000000000000000000000000000000000000000000000000000000000111
10000000000000000000000000000020000000000000000000001100000000110001000011000000000000000000000000000000000000000000000000000000000000000000000000000000000000
10000000000000000000000000000000000000010111101000001100000000110001000011000000000011111100000000000000000000000000000000000000000000000000000000000000000000
10000000000000000000000000000100000000012100121000001100002222110001222011000300000011111100000000000000000000300000000000000000000000000000000001111122000000
10000000002222200000000111100000000000011100111000001111001111110001110011001111000000000000000000000000300001100000000000000000000000001110000000000000000000
10000000000000000000011111111001100000000000000000000011000000000000000000033000000000000000000000000001100001100000300000110000000000031110111000000000000000
10000000000000000001111111111001111000000000000000000011000000000000000000000000000000000000000000000001100001100001100000110000000003111110000000000000000000
10000000000000330111111111111301111000000033000000000300000030030000000000000000000000000000000030330001100001100301100000110000000001111110000000003000000000
11111111111111111111111111111111111111111111111111111111111111111111111111111111000111111111111111111111111111111111111100110011111111111100000001111111100111
