000000000000000000000000000000000000000000000000000000000000000000000000000000000000000000000000000000000000000000000000000000000000000000000000000000000000000000000000000000000000000000000000000000
000000000000000000000000000000000000000000000000000000000000000000000000000000000000000000000000000000000000000000000000000000000000000000000000000000000000000000000000000000000000000000000000000000
000000000000000000000000000000000000000000000000000000000000000000000000000000000000000000000000000000000000000000000000000000000000000000000000000000000000000000000000000000000000000000000000000000
000000000000000000000000000000000000000000000000000000000000000000000000000000000000000000000000000000000000000000000000000000000000000000000000000000000000000000000000000000000000000000000000000000
000000000000000000000000000000000000000000000000000000000000000000000000000000000000000000000000000000000000000000000000000000000000000000000000000000000000000000000000000000000000000000000000000000
000000000000000000000000000000000000000000000000000000000000000000000000000000000000011100000000000000000000000000000000000000000000000000000000000000000000000000000000000000000000000011000000000000
000000000000000000000000000000000000000000000000000000000000000000000000000000000000000000000000000000000000000000000000000000000000000000000000000000003000000000000000000000000000000011000000000000
000000000000000000000000000000000000000000000000000000000000000000000000000000000000000000000000000000000000000000000000000000000000000000000000000000011000000000000000000000000000000011000000000000
000000000000000000000000000000000000000000000000000000000000000000000000000000000000000000000000000000000000000000000000000000000000000000000000000000011000000000000000000000000000010011000000000000
000000000000000000000000000000000000000030000003000000000000000000000000000000030000111110000000000000000000000000000000000000000000000000000011110000011000000000000000000000000000110011000000000000
000000000000000000000000000000000000000110000011000030000000000000000000000000030000100000000000000000000000000100000000000000000000000000000010000000000000000300000000000300003001110011000000000000
000000000000000000000000000000000000000110000011000000000000000000000000000000000000100000000000000000000010000100000000000000000000000000000010000000000010001100000100000000000011110000000000000000
000000000030030330000000330300000300000110000011000000000003330000003303000000000000100000000000003303000010000100033030030000003000000000030310000000000010001100000100000000000111110000000000001000
111111111111111111111111111111111111111111110011111111111111111111111111111111111111111000011111111111111111100111111111111111111111111111111111111000111111111111111111111111111111111111111111111111
