0000000000000000000000000000000000000000000000000000000000000000000000000000000000000000000000000000000000000000000000000000000000000000000000000000000000000000000000000000000000000000
0000000000000000000000000000000000000000000000000000000000000000000000000000000000000000000000000000000000000000000000000000000000000000000000000000000000000000000000000000000000000000
0000000000000000000000000000000000000000000000000000000000000000000000000000000000000000000000000000000000000000000000000000000000000000000000000000000000000000000000000000000000000000
0000000000000000000000000000000000000000000000000000000000000000000000000000000000000000000000000000000000000000000000000000000000000000000000000000000000000000000000000000000000000000
0000000000000000000000000000000000000000000000000000000000000000000000000000000000000000000000000000000000000000000000000000000000000000000000000000000000000000000000000000000000000000
0000000000000000000000000000011000000000000000000000000000000000000000000000000000000000000000000000000000100000000000000000000000000000000000000000000000000000000000000111000000000000
0000000000000000000000000000000000000000000000000000000000000000000000000000000000111100000000000000000000000000000000000000000000000000000000000000000000000000000000000111000000000000
0000000000000000000000000000000000000200000000000000000000000000000002200000000001110000000000000000000000000000000000000000000000000000000001110020000000000000000000000111000000000000
0000000000000000000000000000000000000000000000000000000000000000000000000000000011110000000000000022200000000000000000011101200000000000000011100000000000000000000000110111000000000000
0000000002200000000000000000111100111000000000000000000222000000011100000000000011110000000000003000000000100000000000111000000000000000000111101100000000000000000001110111000000000000
0000000000000000000000000111110000000000000000000000000000000000111100000000001111110111000000011000000000000000000001111000000000000000001111100000000000000000000011110111000000000000
0000000000000000000000111111000000000000000000000000000000000001111100000000011111110000000000011000000000000000000011111000000000000000011111100111000000000000000111110111000000000000
0000000000000000000111111100000000000000000000000000000000000011111100000000000011110000000000011000000000000000000111111001111100000000111111100000000000000000001111110111000000011000
1111111111111001111111110000001100111111111111111100111111111111111000111111111111111100011111111111111111111111111111110000000110111111111111000000111111111000111111100111111111111111
