00000000000000000000000000000000000000000000000000000000000000000000000000000000000000000000000000000000000000000000000000000000000000000000000000000
00000000000000000000000000000000000000000000000000000000000000000000000000000000000000000000000000000000000000000000000000000000000000000000000000000
00000000000000000000000000000000000000000000000000022000000000000000000000000000000000000000000000000000000000000000000000000000000000000000000000000
00000000000000000000000000000000000000000000200000111100000000000000000002000000000000000000000000000000000000000000000000000000000000000000000000000
00000000000000000000000110000000000000000000000000000000000000000000000011100000000000000000000000002200000000000000000000000000000000000000000000000
00000000000000000000000000000000000000000000000000000000000000000000000000002000000202000011100000011110000000000000000000000000000111100000000000000
00000000000000000000030000000000200002220000003000000001111002000200020000001111000000000000000000000000200003000000000000000111000000000000000000000
00000000000000000111111000000000000000000011111100000000000011101110111000000000000000000000000000000001110000000000000000000000000000000000000000000
00000000000000000000000000111000000000000000000000000000000000000000000000000000000111100000000000000000000000000000000000000000000000011110000000000
00000000000000000000000000000000000000111100000222000000000000000000000000000000000000001110111000000000000000000000033030000000000000000000000000000
00000000000001111100000000000000000000000000000003000000000000000000000000000000000000000000000000000002000000000011111111111100000000000000000000000
00000000000000000000000000000000000000000111111111100000000000000000000000000001111000000000000011100011111000000000000000000000000000000000000000000
00000000000000000000000000220001111111000000000000000000000000000003000000000000000000000000000000000000000000000000000000000000000000000000000000110
11111111111000000000000001110000000000000000000000000000000011111111111111110000000000000000000000000000000000011100000000000000000000000001111111111
