0000000000000000000000000000000000000000000000000000000000000000000000000000000000000000000000000000000000000000000000000000000000000000000000000000000000000000000000000000000000000000000000000000000000000000000000000000000000000000000000000000000000000000000000000000000000000000000000000000000000000000000000000000000000000000000000000000000000000000000000000000000000000
0000000000000000000000000000000000000000000000000000000000000000000000000000000000000000000000000000000000000000000000000000000000000000000000000000000000000000000000000000000000000000000000000000000000000000000000000000000000000000000000000000000000000000000000000000000000000000000000000000000000000000000000000000000000000000000000000000000000000000000000000000000000000
0000000000000000000000000000000000000000000000000000000000000000000000000000000000000000000000000000000000000000000000000000000000000000000000000000000000000000000000000000000000000000000000000000000000000000000000000000000000000000000000000000000000000000000000000000000000000000000000000000000000000000000000000000000000000000000000000000000000000000000000000000000000000
0000000000000000000000000000000000000000000000000000000000000000000000000000000000000000000000000000000000000000000000000000000000000000000000000000000000000000000000000000000000000000000000000000000000000000000000000000000000000000000000000000000000000000000000000000000000000000000000000000000000000000000000000000000000000000000000000000000000000000000000000000000000000
0000000000000000000000000000000000000000000000000000000000000000000000000000000000000000000000000000002200000000000000000000000000000000000000000000000000000000000000000000000000000000000000000000000000000000000000000000000000000000000000000000000000000000000000000000000000000000000000000000000000000000000000000000000000000000000000000000000000000000000000000000000000000
0000000000000000000000000000000000000000000000000000000000000000000000000000000000000000000000000000000000000000000000000000000000000000000000000001111111100000000000000000000000000000000000000000000000000000000000000000000000000000000000000000000000000000000000000000000000000000000000000000000000000000000000000000000000000000000000000000000000000000000000011000000000000
0000000000000000000000000000000000000000000000000000000000000000000000000000000000000000000000000000000000000000000000000000000000000000000000000000000000000000000000000000000000000000000000000000000000000000000000000000000000000000000000000000000000000000000000000000000000000000000000000000000000000000000000000000000000000000000000000000000000000000000000011000000000000
0000000000000000000000000000000000000000000000000000000000000000000000000000000000000000000000000000000000000000000000000000000000000000000000000000000000000000000000000000000000000000000000000000000000000000000000000000000000000000000000003000000000000000000000000000000001000000000000000000000000000000000000000000000000000000000000000000000000000000000001011000000000000
0000000000000000000000000000030000000000000000000000000002000000000000300100000000200000300200000030000000000000000000000000000000000000000000000000000000000000000000000000000001111111100000000000000000000000000000002200000000000000000030011000000000000000000000000000000011002200000020000200000000000000000002200022000000000000000000000000000000000000000001011000000000000
0000000000000000000000000000110000000000000000000000000000000000000001100000300000000001100000000110000000000000000000000000000000000030000000000010000100001000000000000000000000000000000000000000000000000000000000000000000000000000300110011000000000000000000000000000000111000000000000000000000000000000000000000000000000000000000000000030000000000000000101011000000000000
0000000000000000000000000000110000000000000000000000000000000000000001100001100000000001100000000110000000000300000000000000000000000110000000000010000003001000000030000000000000000000000000000000000000000000000000000000000000000001100110011000000000000000000000000000001111000000000000000000000000000000000000000000000000000000000000000110000000000300000101011000000000000
0000000000000000000000000000110000000000000000000000000000000000000001100001100000000001100000000110000000001100000000000000000000000110000000000010000000001000000000003000000000000000000000000000000000010000000000000000000000000001100110011000000000000000000000000000011111000000000000000000000010001000000000000000000000000000000000000110000000001100010101011000000000000
0000000000000030330000000300110000303000000000000000300000000033030001100001100000000001100000000110303300001103000003000033030000000110000030330010000000001000000000000000000000000000000000000000000330010000000000000000000003303001100110011000000003303003000000000300111111000000000000000000000010301000000000000000000000003000000303300110000000001100010101011000000001000
1111111111111111111111111111111111111110101101101101111111111111111111111111111111111111111111111111111111111111111111111111111111111111111111111111111111111111110101101011011111111111111111010101111111111111111111000000111111111101100110011111111111111111111111111111111111111111111000110001111111111111111000001000011111111111111111111111111111111111010101011111111111111
