000000000000000000000000000000000000000000000000000000000000000000000000000000000000000000000000000000000000000000000000000000000000000000000000000000000000000000000
000000000000000000000000000000000000000000000000000000000000000000000000000000000000000000000000000000000000000000000000000000000000000000000000000000000000000000000
000000000000000000000002200000000000000000000000000000000000000000000000000000002220000000000000000000000000000000000000000000000000000000000000000000000000000000300
000000000000000000000000000000000000000000000000002000000000000000000000000000001111000000000000000000000000000000000000000000000000000000000000000002200000000000000
000000000000000000000000000000000000002222222000000000011100000000000000000000000000000000000000000000000000000000000000000000000000000000000000000000000000000000000
000000000000000000000001110000000001100000000000000000000000000000112200001100000000000000000000000000000000000000011100000220011110000000000000000000011110000000000
000000000000000000000000000000000000000000000000110000000000000000000000000000000000000000000000000000000000000000000000001100000000000000001110000000000000000000000
000000000000000000000000000000000000000001100000000000000000000000000000000000000000000000000000000000000000000000000000000000000000000011102200000000000000000000000
000000000000000000000000000000000000000000000000000000000000000000000000000000000000011110000002222000000000000000000000000000000000000000000000111000000000000000000
000000000000000011110000001111100000000000000000000000000000111111000011000001100000000000000000000000111111000000000000000001100011111000000000000000000000000000000
000000000000000000000000000000000000000000000000000000000000000000000000000000001111110000000000000000000000000000000000000000000000000000000000000000000000000000000
000000000000000000000000000000000000000000001111100000000000000000000000000000000000000000000000000000000000000000000000000000000000000000000000000000000000000000000
000000000000000000000000000000000000000000000000000000000000000000000000000000000000000000000000000000000000000000000000000000000000000000000000000000000000000000110
111111111110011110011110000000001111001111000000000000000000000000000000000000000000000011111111101111000000111111000011110000011110000000000000000000000001111111111
