00000000000000000000000000000000000000000000000000000000000000000000000000000000000000000000000000000000000000000000000000000000000000000000000000000000000000000000000000000000000000000000000000000000000000000000000
00000000000000000000000000000000000000000000000000000000000000000000000000000000000000000000000000000000000000000000000000000000000000000000000000000000000000000000000000000000000000000000000000000000000000000000000
00000000000000000000000000000000000000000000000000000000000000000000000000000000000000000000000000000000000000000000000000000000000000000000000000000000000000000000000000000000000000000000000000000000000000000000000
00000000000000000000200000000000000000000000000000000000000000000000000000000000000000000000000000000000000000000000000000000000000000000000000000000000000000000000000000000000000000000000000000000000000000000000000
00000000000000000000000000000000000000000000000000000000000000000000000000000000000000000000000000000000000000000000000000000000000000000000000000000000000000000000000000000000000000000000000000000000000000000000000
00000000000000000011100000003000000000000000000000000000000000111110000011111000000000000000000000000000000300100011111111100000000000011000110000000000000111000003000000000000000000000000000000000300011100000000000
00000000000000000000000000011000000000000000000000000000003000000000000000000000000300000000000000000000001100000000000000000000000000000000000000000000000000000011000000000000000000000000000000000000111100000000000
00000000000000000000000000011000000000000000000000003000011000000000000000000000001100000000000000000000001100000000000000000000000000000000000000000000000000000011000000000000000000000000000000000001111100000000000
00000000000000030000000030011100000000000030000000011000011000000000000000000000001100000000000000300000001100000000000000000000000001100000000000000000000000000011000000300000000300000000000000000311111100000000000
00000111000000110001000110000000000000000110001100011000011100000000000000003100001100000030000001100000011110000000000000000000000000000001110000000301100111000011100001100000031100000300000000001111111100000000000
00000000000000110000000110000003030000000110000000011000000000030000003000011000301100000110000001100300000000030000000000000003000300000000000000111101100000000000000001100003111100001100000000001111111100000000000
00000000000000110000000110000011110000000110000000011000000000110000011000011001101100000110000001101100000000110000000000000011001100000000000001111101110000000000000001100011111100001100000000011111111100000000000
00000000000000110000300110000011110000000110000000011000000000110000011000011001101100000110000001101100000000110000000000000011001100000000000011111101110000000030000001100011111100001100000000111111111100000001100
11111111111111111111111111111111111111111111111111111111111111111111111111111111111111111111111111111111111111111111110000001111111111110101111111101111111111111111111111111111111111111111111111111111111111111111111
