000000000000000000000000000000000000000000000000000000000000000000000000000000000000000000000000000000000000000000000000000000000000000000000000000000000000000000000000000000000000000000000
000000000000000000000000000000000000000000000000000000000000000000000000000000000000000000000000000000000000000000000000000000000000000000000000000000000000000000000000000000000000000000000
000000000000000000000000000000000000000000000000000000000000000000000000000000000000000000000000000000000000000000000000000000000000000000000000000000000000000000000000000000000000000000000
000000000000000000000000000000000000000000000000000000000000000000000000000000000000000000000000000000000000000000000000000000000000000000000000000000000000000000000000000000000000000000000
000000000000000000000000000000000000000000000000000000000000000000000000000000000000000000000000000000000000000000000000000000000022000000000000000000000000000000000202000000000222000000000
000000000000000000000000000000000000000000000000000000000000002222000000000000000000000000000000000000000000000000000000000000000022000000000000000000000000000001100202000000000111000000000
000000000000000000000000000000000000000000000000000000000000002222000000000000000000000000000000000000000000000000000000000000000000000000000000000000000000000000000000000000000000000000000
000000000000000000000000000000000000000000000000000000000000000000003000000000000000000000000000000000000000000000003000000000000000000000000000000000000000000000000000000000000000000000000
000000000000000000000000000000000000000000000000000000000000000000000000000000000000000000000000000000022200000000000000222220000000000000000000000000000000000000000000000000000000000000000
000000000000000000000000000022222222220000000000000000111000000000000000000000000000000000000110000000111110000000010001111111000000020000000000000011110001100000000011000000000000000000000
000000000111001110000000000022222222220000000000000000000000011001100000000000000000000000000100000000000000000000000000000000000000000000000000000000000001110000000000000000000000000000000
000000001111300000000000000000000000000000000000000000000000000000000000000000000000000000000000000000000000000000000000000000000000000000000000000000000000000000000000000000000000000000000
000000011111000000000000011111111111311111000000000000000000000000000110000000000000000000000000000000000000000000000000000000000000000000000000000000000000000000000000000000000000000000001
111111111110000000000000011000000000000011011111111000000000000000000000000111111111000011000000000000000000000000000000000001110000000000001111110000000000000000000000000111111111110000001
111111111110000000000000011000000000000011000000000000000000000000000000000000000000000010000000000000000000000000000000000000000000011000000000000000000000000000000000000000000000000000001
