000000000000000000000000000000000000000000000000000000000000000000000000000000000000000000000000000000000000000000000000000000000000000000000000000000000000000000000000000000000000000000000000000000000000
000000000000000000000000000000000000000000000000000000000000000000000000000000000000000000000000000000000000000000000000000000000000000000000000000000000000000000000000000000000000000000000000000000000000
000000000000000000000000000000000000000000000000000000000000000000000000000000000000000000000000000000000000000000000000000000000000000000000000000000000000000000000000000000000000000000000000000000000000
000000000000000000000000000000000000000000000200000000000000000000000000000000000000000000000000000000000000000000000000000000000000000000000000000000000000000000000000000000000000000000000000000000000000
000000000000000000000000000000000000000000000000000000000000222220000000000000000000000000000000003000000000000000000000000000000000000000000000000000000000000000000000030000000000000000000000000000000000
000000000000000000000000000003000000000000000000000000001100111110000000000000000000000000000000011000000000000000001110000000011110000000011100000000000000111111100000000111111100000000111131000000000000
000000000000000000000000300000000000110000000110000011000000000000000000000300000000000000000000011000000001100000000000000000000000000000000000000000110000000000000000000000000000000000000000000000000000
000000000000000000000000000110000000000000000000000000000000000000000000000000000000000000000000011000000000000000000000000220000000000000000000000000000000000000000000000000000000000000000000000000000000
000000000000000000000000000000000000000000000000000000000000000000000000000000000000000000000300011000000000000000000000000110000000000000000000000000000000000000000000000000000000000000000000000000000000
001000000000000011111000000020000000000000000000000000000000000000000001100000000000000111001100011000000000000000000000000000000000000000000000011000000000000000000000000000000000000000000000000000000000
000000000000000000000000000020011000000000000000000000000000000000000000000000003000000000001100011000000000000000000000000000000000000000000000000000000000000000000000000000000000000000000000000000000000
110110000000000000000000000000000000000000000000000000000000000000000000000000000000000000001100011000000000000000000000000000000000000000000000000000000000000000000000000000000000000000000000000000000000
110110000000000000000000000000000000000000000000000000000000000000000000000000000000000000001100011000000000000000020002000000000000000000000000000000000000000000000000000000000000000000000000000000001000
111111111111000000000000000000000000000000000000000000000000111111110000000000001111111000001100011011100000000000010001000000000000001110000000000000000000000000000000000000000000000000000000000000101111
000000000000000000000000000000000000000000000000000000000000000000000000000000000000000000001100011000000000000000000000000011000000000000000000000000000000000000000000000000000000000000000000000000101111
