0000000000000000000000000000000000000000000000000000000000000000000000000000000000000000000000000000000000000000000000000000000000000000000000000000000000000000
0000000000000000000000000000000000000000000000000000000000000000000000000000000000000000000000000000000000000000000000000000000000000000000000000000000000000000
0000000000000000000000000000000000000000022200000000000000000000000000000000000000000000000000000000000000000000000000000000000000000000000000000000000000000000
0000000000000000000000000000000000000000020200000000000000000000000000020000000000000000000000000000000000000000000000000000000000000000000000000000000000000000
0000000000000000000000000000000000000000000000000000000000000000000000000000000000000000000222000000000000000000000222222222000000000000000000000000000000000000
0000000000000000000000000000000000000000011100000000000000000000000000000000000000000000000111000000000000000000011111111111110000000000000000000000000000000000
0000000000000000000222200000000000000000000000000000000000000000000001110022200000000000000000000000000000000000000000000000000000000000000000000000000000000000
0000000000000000000220200000000000000000000000000000000000000000000000000022200000000000000000000000000000000000000000000000000030000000000000000000000003000000
0000000000000000000000000000000000000000000000002222000000000000000000000000000000000000000000000003000000000000000000000000000000111100000000000000000000000000
0000000000000000000000111111111111111100000000002222000000000001111111111110000000000011110000011111111111111110000000000000000000000000000000000000000000000000
0000000000000000000000000000000000000000000000000000000000000000000000000000000000000000000000000000000000000000000000000000000000000000000111110000000000000000
0000000000001111111000000000000000000000000000111111111111100000000000000000000000000000000000000000000000000000000000000000000000000000000000000000000000000000
0000000000000000000000000000000000000000000000000000000000000000000000000000000000000000000000000000000000000000000000000000000000000000000000000000000000001000
1111111111100000000000000000000000000000000000000000000000000000000000000000111111111000000000000000000000000000000000000000000000000000000000000000111111111111
0000000000000000000000000000000000000000000000000000000000000000000000000000000000000000000000000000000000000000000000000000000000000000000000000000111111111111
