00000000000000000000000000000000000000000000000000000000000000000000000000000000000000000000000000000000000000000000000000000000000000000000000000000000000000000000000000000000000000000000000
00000000000000000000000000000000000000000000000000000000000000000000000000000000000000000000000000000000000000000000000000000000000000000000000000000000000000000000000000000000000000000000000
00000000000000000000000000000000000000000000000000000000000000000000000000000000000000000000000000000000000000000000000000000000000000000000000000000000000000000000000000000000000000000000000
00000000000000000000000000000000000000000000000000000000000000000000000000000000000000000000000000000000000000000000000000000000000000000000000000000000000000000000000000000000000000000000000
00000000000000000000000000000000000000000000000000000000000000000000000000000000000000000000000000000000000000000000000000000000000000000000000000000000000000030300000000000000000000000000000
00000000000000000000000000000000000000000000000000000000000000000000000000000001111111111111000000000000000000011121110000000222000000000000022222220000000001111111011000000000000000010000000
00000000000000000000000000000000000000000000000000000000000000000000000000000000000000000000000000000000000000000000000000000000000000000000000000000000000000000000300000000000000030010000000
00000000000000000000000000000030000000000000000000000000000000000000000000000000000000000000000110000000000000000000000000000000000000000000000300000000000000000000000000000000000011010000000
00000000000000000000000000000011000000000000000000110000020020020000000000000000000011111000000110000000000000000000000000000111000000000000011111110000000000000000000000000000000011010000000
00000000000000022222220000002011000000011111120000110000000000000000010000000000001100000000002222220000000000011111110000000000000000110000000000000030000000000000011000000011000011010000000
00000000000000000000000001100011000000000000000000110000000000000003000000000000110000000000000000000000000000000000000000000000000000110000000100000010000000300000011000000011000011010000000
00000000000000000000030001100011000000000000010000110000000000030000000000000000110000000000000000000000000000000000300000000000000000110000000100000010000000000000011000000011000011010000000
00000000000003300000010001100011000000000000000000110000000000000000000001000000110000300033000000000000300000000000000000000000000000110000300100000010000000000000011000000011000011010000000
11111111111111111111110001111111011111001111111000111111111111111111110001111111111111111111111101011111111111111111010100100000001111111111111111111111111111111111111000000011011111011111111
