0000000000000000000000000000000000000000000000000000000000000000000000000000000000000000000000000000000000000000000000000000000000000000000000000000000000000000000000000000000000000000000000000
0000000000000000000000000000000000000000000000000000000000000000000000000000000000000000000000000000000000000000000000000000000000000000000000000000000000000000000000000000000000000000000000000
0000000000000000000000000000000000000000000000000000000000000000000000000000000000000000300000000000000000000000000000000000000000000000000000000000000000000000000000000000000000000000000000000
0000000000000000000000000000000000000000000000000000000000000000000000000000000000000000000000000000000000000000000000000000000000000000000000000000000000000000000000000000000000000000000000000
0000000000000000000000000000000000000000000000000000000000000000000000000000000000000000000000000000000000000000000000000300000000000000000000000000000000000000000000000000000000000000000000000
0000000000000000000000000000000000000000000000000000000000000000000000000000000011111111210000000010000100000000000000000000300000000000011111100000000001111111111111111000000000000001000000000
0000000001111111111111111000000000000000000000000003100000000000000300000000000001100000000000000000000000000000001000000001100000000000000000000000000000000110000000110000000000000000000000000
0000000000000000000000000000000000010000000010000000000002220000001100000000000001100000000000000000000000000000000000000001100000000000000000000000000000000110000000110000000000000100000000000
0000000000000000000000000000000000010000000000000000000000000000001100000000000001100000000000000003000000000000000000000001100000000100000000000000000000000110000000110000000003000000000000000
0000000000000011111100000030000000111001000000000000000000000002222222222000000001100000000000000011000000000000000001000001100000001111311111100000000000000110000000110000000010000000000000000
0000000000000000000000000000000001111000000000000000000000000000000000000000000001100000000000000011000000000300000000000000000000011111100000000000000000000110000000110000000011000000000000000
0000000000000000000000000000000011111000000000100000000000000000000000000000000000000000000000000011000000001100000000000000000000111111100000000000000000000000000000000000000011000000000000000
0000000000000000000000000000000111111000000000100000000000001000000000000000000000300000000000000011000000001100000100000000000001111111100000000001000000000030000000030000000011000000000000001
1111111111111111111100000010001111111111111111111111111111111001111133111111111111111111111111111111111111111111111100000000000001111111111111113111111111111110111111110111110011111111111111111
1111111111111111111100000000001111111111111111111111111111111001111111111111111111111111111111111111111111111111111100000000000001111111111111111111111111111110111111110111110011111111111111111
