000000000000000000000000000000000000000000000000000000000000000000000000000000000000000000000000000000000000000000000000000000000000000000000000000000000000000000000000000000000000000000000000000000000000000000000000000
000000000000000000000000000000000000000000000000000000000000000000000000000000000000000000000000000000000000000000000000000000000000000000000000000000000000000000000000000000000000000000000000000000000000000000000000000
000000000000000000000000000000000000000000000000000010000000000000000000000000000000000000000000000000000000000000000000000000000000000000000000000000000000000000000000000000000000000000000000000000000000000000000000000
001000000000000000000000000000000000000000000000000000000000000000000000000000000000000000000000000000000000000000000000000000000000000000000000000000000000000000000000000000000000000000000000000000000000000000000000000
000000000000000000000000000111000011110000000000000000000003000000000000000000000000000000000000000000000000000000000000000000000000000000000000000000000000000000000000000000000000003000000000000000000000000000000000000
110110000000001222221000000000000000000000000001111110000222222200000000000000003000000000000000000000000000000000000000000000001111111000000000000000300000030000000000000000000000001000000000000000000001100000000000000
110110000000001000001000000000000000000000000000000000000000000000000000000000011110000000000000000000000000000000000000000000000000000000000000000300000000000000000000000000000000000000000000000000003000000000000000000
000000000000001000001000000100000000000000000000000000000000000000000000000000000000000000000000000000000000000000000000000000000000000000000000000000000000000000000000000000000000002000000000000000001000000000000000000
101011100000001303001000000133000000010000000000000000000000300000000000000103003000000000000000000000000000000000000000000000000300300000000000111111111111100000000000000000300000000000000000000003001000000000000000000
101011100000001220221000000111111111110000000000000000002222222200000000000112111110001000000000000000000000000000000000000000001111111000000001100000000000000000000000220000100000003000000000000001001000000000000001000
111111100000000000000000000000000000000000000000000000000000000000000000000000000003301000000000000000000000000000000002222200000000000000000011100002222220000000000000000000100000001000000000003001001000000000000000000
010101100000000000003000000000000000000000000000000000000000000000000000100111111111111000000000000000000000000000000000000000000000000000000111100000000000000000000000000000100000001000000000001001001000000000000110110
010101100000000000000000000000000000000000000000000000000000000000000000100000000000000000000000000000003030000000000000000000000000000000001111100002222220000000000000000000100000001000000000001001001000000001000110110
111111111111111111111111111111111111110000111000000111111111111111111111111111111111111111111111111111111111111111111111111111111111001111111111111111111111100000100111110011111111111101111111001001001000001111111111111
