0000000000000000000000000000000000000000000000000000000000000000000000000000000000000000000000000000000000000000000000000000000000000000000000000000000000000000000000000000000
0000000000000000000000000000000000000000000000000000000000000000000000000000000000000000000000000000000000000000000000000000000000000000000000000000000000000000000000000000000
0000000000000003000000000000000000000000000000000000000000000000000000000000000000000000000000000000000000000000000000000000000000000000000000000000000000000000000000000000000
0000000000000111111111110000000000002222222000000300111211121111000011111111111110000000000000000000000000000000000000020000000000000000000000000000000000000000000000001100000
0000000000000000000000000000000000000000000000000000000000000000000000000000000010000000003000000000000000000000000000030000000000000000000000000000000000000000000000011100000
0000000000000000000000000000000000000000000000000000000000000000000000000000000010000003000000030000000000000000000000000000000000000000000000000000000000000000000000111100000
0000000000000000030000000000000000000000000000000000000000000000000000000000000010000000000000000000000000000000000000000110000000000030000000000000000000000000000001111100000
0000000000000111111111110000022220001000000000000000000000110000001000000000000210110000000000000000000022200000000000000110000000110011000000000000000000000000000011111100000
0000000000000000000000000000000000000000000000000000000000110000000000000000000010110000000000000000000000000000001000000110001100110011000000000300000000000000000111111100000
0000000000000000000000000000000000000000000000000000000000110000000000000001100010110000000000000001000000000000001000000110001100110011000000000000000000000000001111111100000
0000000000000000000000000000000000003030000000000000000000110000000000000001100010110300000000000001033000000000001000000110001100110011000000000000000000000000011111111100000
1111111111111111111111110000111111111111000000001111111111111111100000000001111111111111111110001111111111111111111111111110001100111111111111111100001110000111111111111111111
