0000000000000000000000000000000000000000000000000000000000000000000000000000000000000000000000000000000000000000000000000000000000000000000000000000000000000000000000000000000000000000000000000000000000000000
0000000000000000000000000000000000000000000000000000000000000000000000000000000000000000000000000000000000000000000000000000000000000000000000000000000000000000000000000000000000000000000000000000000000000000
0000000000000000000000000000000000000000000000000000000000000000000000000000000000000000000000000000000000000000000000000000000000000000000000000000000000000000000000000000000000000000000000000000000000000000
0000000000000000000000000000000000000000000000000000000000000000000000000000000000000000000000000000000000000000300000000000000000000000000000000000000000000000000000000000000000000000000000000000000000000000
0000000000000000121000000000000000000000000000000000000000001111100000111120000000000000000000000000000000001000111111111000000000000210001100000000000001110000000000000000000000000000000000000000000110000000
0000000000000000000000000110000000000000000000000000000000000000000000000000000000000000000000000000000011000000000000000000000000000000000000000000000000000000110000000000000000000000000000000030001110000000
0000000000000000000000000110000000000000000000000000000110000000000000000000000011000000000000000000000011000000000000000000000000000000000000000000000000000000110000000000000000000000000000000000011110000000
0000000000000000000000000110000000000000000000000110000110000000000000000000000011000000000000000000000011000000000000000000000000011000000000000000000000000000110000000000000000000000000000000000111110000000
0001110000001100020001100000000000000001100012000110000110000000000000000002000011000000000000011000000111100000000000000000000000000000011100000000010001110000110000011000000011000000000000000011111110000000
0000000000001100000001100000000000000001100000000110000000000000000000000110000011000001100000011000000000000000000000000000000000000000000000001011010000000000000000011000001111000011000000000011111110000000
0000000000001100000001100000111100000001100000000110000000001100000110000110011011000001100000011011000000001100000000000000110011000000000000011011011000000000000000011000111111000011000000000111111110000000
0000000000001100003001100000111100000001100030000110000000001100000110000110011011003001100000011011000000001100000000000000110011000000000000111011011030000003000000011000111111000011000000001111111110000000
1111111111111111111111111111111111111111111111111111111111111111111111111111111111111111111111111111111111111111111100000011111111111101011111111011111111111111111111111111111111111111111111111111111111111111
