0000000000000000000000000000000000000000000000000000000000000000000000000000000000000000000000000000000000000000000000000000000000000000000000000000000000000000000000000000000000000000000000000000000000000000
0000000000000000300000000000000000000000000000000000000000000000000000000000000000000000000000000000000000000000000000000000000000000000000000000000000000000000000000000000000000000000000000000000000000000000
0000000000000030000000000000000000000000000000000000000000000000000000000000000000000000000000000000000000000000000000000000000000000000000000000000000000000000000000000000000000000000000000000000000000000000
0000000000000000000000000000000000000000000000000000000000000000000000000000000000000000000000000000000000000000000000000000000000000000000000000000000000000000000000000000000000000000000000000000000000000000
0000000000000000011000000000000000001211111111111111111111111111111110000000000000000000000000000000000000000000000000000000000000000000000000000000000000000000000000000000000000000000000000000003000110000000
0000000000000000111000000000000000000000000000000000000000000000000000000000000000000000000000000000000000000000000000000000000000000000000000000000000000000000000000000000000000000000000000000000000110000000
0000000000000001111000000000000000000000000000000000000000000000000000000000000000000000000000000000000000000000000000000000000000000000000000000000000000000000000000000000000000000000000000000000000110000000
0000000000000001111000000000000000000000000000000000000000000000000000000000000000000000000000000000000000000000100000000000000000000000000000000000000000000000000000000000000000310000000000000000100110000000
0000000000000101111000222200000000000000000000000000000000000000000000110000000000000000000012000000000110000001120000000000000000000000000000000000011000000000000000300000000000110000000000000000100110000000
0000000030001101111000000000000000000000000000030000000003000300000000000000000000000010000000000000000000000000000000100000000000300000000000000000011000000000300000000000000001110000100000000010100110000000
0000000000011101111000000000000000000000000000000000000000000000000000000000001000030013000000000010000000000000000000100000110000000001100000000000011000001100003000001000000311110000100000000110100110000000
0000000000111101111000000000000000000000000000000000000000000000000000000000001000000010000000000010030000001003030000100000110000000001100000000000011000001100000000001000000111110300100000001110100110000000
1111111101111101111111111111101111111101111010111011111101111111111111100111101111111111111111111111111111111111111111111111111111101111101010000001111111111111111111101000111111111111111111111110100111111111
