00000000000000000000000000000000000000000000000000000000000000000000000000000000000000000000000000000000000000000000000000000000000000000000000000000000000000000000000000000000000000000000
00000000000000000000000000000000000000000000000000000000000000000000000000000000000000000000000000000000000000000000000000000000000000000000000000000000000000000000000000000000000000000000
00000000000000000000000000000000000000000000000000000000000000000000000000000000000000000000000000000000000000000000000000000000000000000000000000000000000000000000000000000000000000000000
00000000000000000000000000000000000000000000000000000000000000000000000000030030000000000000000000000000000000000000000000000000000000000000000000000000000000000000000000000000000000000000
00000000000000020000000000000000000000000000000000000000000000000000000001111111100011120000000000000020000000000011100001221000000000000000000000000000000000000000000000000000000001100000
00000000000000000000000000000000000000000000000000000000000000000000000000000000000000000000000000000000000000000000000000000000000000000000000000000000000000000000000000000000000011100000
00000000000000000000000000000000000000000000000000000000000000000000000000000000000000000000000000000000000000000000000000000000000000000000000000000000000000000000000000000000000111100000
00000000000000000000000000000000000000000000000000000000020000000000000000000000000000000000000000000000000000000000000000000000000000000000000000000000000000000000000000000000001111100000
00000000020001212100000000000000000000011000000000110000000000000000001210000000000000010000012000020020020000010000000000110000001001000000000011001000000000000112100000000000011111100000
00000000000000000000000000000001100000011000000000110000000000000000000000000000000000000000000000000000000000000000000000000000011001100000000111001100000000000000000000000000111111100000
00000000000000000000011000000001100000011000000000110000000000000000000000000000000000000000000000000000000000000000000000000000111001110000001111001110000011000000000000001101111111100000
00000000000000300000011000000001130000011000033000110000000000000000000000000000000000003300000000030000000000000000033033000001111001111000011111001111000011000000003300001111111111100000
11111111111111111111111111111111111111111111111111111111111111001111111111111110001111111111111111111111111111111111111111111111111111111111111111001111111111111111111111111111111111111111
