000000000000000000000000000000000000000000000000000000000000000000000000000000000000000000000000000000000000000000000000000000000000000000000000000000000000000000000000000000000000
000000000000000000000000000000000000000000000000000000000000000000000000000000000000000000000000000000000000000000000000000000000000000000000000000000000000000000000000000000000000
000000000000000000000000000000000000000000000000000000000000000000000000000000000000000000000000000000000000000000000000000000000000000000000000000000000000000000000000000000000000
000000000000000000000000000000000000000000000000000000000000000000000000000000000000000000000000000000000000000000000000000000000000000000000000000000000000000000000000000000000000
000000000000000000000211100000000000000000000022222000000000002111000000001121100000011110000000000000000000000000000021110000000000000000000000000000000000011111000200000000000000
000000000000000000000000000000000000000000000000000000000000000000000000000000000000000000000000000000000000000000000000000000000000000000000000000000000000000000000000000000000000
000000000000000000000000000000000000000000000000000000000000000000000000000000000000000000000000000000000000000000000000000000000000000000000000000000000000000000000000000000000000
000000000000000001000000000000000000000000000030000000000000000000000000000000000000000000000000000000000000000000000000000110000000000000000000000000000000000000000000000000000000
000000001210000311000200000100000000000110000022222000000000010000011000222200222000000000000000110000000000000000011000000110000000000000000000000000000020003000020000000000000011
000000000000000111000000000100000000000110000000000000000000000000011000000000000000000000000000110000000000000000011001100110000000000000000000000100000000000000300000011000000000
000000000000001111000000000110000000000110000000000000000000000000011000000000000000000000000000110000000000110000011001100110000000000000000000000100000000000000000000011000000000
000000000000011111000303000110033000000110000000000033000303303000011000000033030000000000003000110000000030110030011001100110000000000000000030000100000330000000000000011300000000
111111111111111111111111111111111111111111111111111111111111111111111111111111111111100001111111111000111111111111111111111111111111000111111111100111111111111111111111111111111111
