000000000000000000000000000000000000000000000000000000000000000000000000000000000000000000000000000000000000000000000000000000000000000000000000000000000000000000000000000000000000000000000000
000000000000000000000000000000000000000000000000000000000000000000000000000000000000000000000000000000000000000000000000000000000000000000000000000000000000000000000000000000000000000000000000
000000000000000000000000000000000000000000000000000000000000000000000000000000000000000000000000000000000000000000000000000000000000000000000000000000000000000000000000000000000000000000000000
000000000000000000000000000000000000000000000000000000000000000000000000000000000000000000000000000000000000000000300000000000000000000000000000000003000000000000000000000000000000000000000000
000000000000000000000011111200000000000000000000000000000000000000000000000000211000000000000000000000000000000111111120000000000000000000000000001111100000000000000111100000000000000110000000
000000000000000000000000000000000000000000000000000000000000000000000000000000000000000000000000000000000000000000000000000000000000000000000000000000000000000000000000000000000003001110000000
000000000010000000000000000000000000000000000000000000000000001100000000000000000000000000000000000000000000000000000000000000000000000000000000000000000000000000000000000000000000001110000000
000000000010000000000000000000000000000000000000000000000000011100000000003000000011100000000000000000000000000000003000000000000000000000000000000000000000000000000000000000000000101110000000
000000001111000000000011111100000000000311000000000000000010011100000002222202000000000000000000000000000000000111111110000000000000000000001110000000000000000002000000000000000001101110000000
000000011000000000000000000000030000000111000000110000003110011100000000000000000000000000000000003000000000000000000000001000000000000000000000000000000000033000000000000000000001101110000000
000000111000000000000000000000000000001111100000110000001110011100000000000000000000000000000000000010000000110000000000001000000000002200000000000000000000000000000011000000000101101110000000
000001111000030000000000000000000000011111100000110003011110011100000000000000000000000000000000000010000000110000000000001000033300000000000000000330000000000000000011000000001101101110000000
111111111111111111100011111111111111111111111111111111111110011111111111111111111111100001111111111111111111111111111111001111111111111110000000111111111111111111100011001111111101101111111111
