00000000000000000000000000000000000000000000000000000000000000000000000000000000000000000000000000000000000000000000000000000000000000000000000000000000000000000000000000000000000000000000000000000000
00000000000000000000000000000000000000000000000000000000000000000000000000000000000000000000000000000000000000000000000000000000000000000000000000000000000000000000000000000000000000000000000000000000
00000000000000000000000000000000000000000000000000000000000000000000000000000000000000000000000000000000000000000000000000000000000000000000000000000000000000000000000000000000000000000000000000000000
00000000000000000000000000000000000000000000000000000000000000000000000000000000000000000000000000000000000000000000000000000000000000000000000000000000000000000000000000000000000000000000000000000000
00000000000000000000000000000000000000000000000000000000000000000000002000000000000000000000000000000000000000000000000000000000000000000000000000000000000000000000000000000000000000000000000011000000
00000000000000000000000000000000000000000000000000000200000000000000000000000000000000000000000000000000000000000000000100000000000000000000000000000000000000000000000000000000000000000000000111000000
00000000000000000000000000000000000000000000000000000000000000000000000000000000000000000000000000000000000000000000000000000000000000000000000000000000000000000000000000000000000000000000001111000000
00000000000000000000000000000000000000000000000000000000000000000000000000000000000000000000000000000000000000000000000000000000000000000000000000000000000000000000000000000000000000000000011111000000
00000000000000000000000000000000000000000000000000000000000000000000002000000000000000000000000000000000000000000000000000000000000000000000000000000000000000000000000000000000000000000000111111000000
00000000000000000000000000000000000000000000000000000100000000000000000000000000000000030000000000000000000000000000000000000000000000000000000000000000000000000011000000000000000000000001111111000000
00000000000000000000000000000000000000000000000000000100000000000000100010000000000000000000000000000000000000000000000100000000000000000000000000000000000000000011000000000000000000000011111111000000
00000000030000000303300003030000000303000010000000000100003003303000103010000000000000000000000000000030000000330300000100000030000003303000000003000000003303000011000000303300000330000111111111000000
11111111111111111111111111111111111111111111111111111111111111111111111110011111111111111111111111111111111111111111001110011111111111111111111111111111111111111111111111111111111111111111111111111111
