00000000000000000000000000000000000000000000000000000000000000000000000000000000000000000000000000000000000000000000000000000000000000000000000000000000000000000000000000000000000000000000000000000000000000000000000000000000000000000000000000000000000000000000000000000000000000000000000000000000000000000000000000000000000000000000000000000000000000000000000000000000
00000000000000000000000000000000000000000000000000000000000000000000000000000000000000000000000000000000000000000000000000000000000000000000000000000000000000000000000000000000000000000000000000000000000000000000000000000000000000000000000000000000000000000000000000000000000000000000000000000000000000000000000000000000000000000000000000000000000000000000000000000000
00000000000000000000000000000000000000000000000000000000000000000000000000000000000000000000000000000000000000000000000000000000000000000000000000000000000000000000000000000000000000000000000000000000000000000000000000000000000000000000000000000000000000000000000000000000000000000000000000000000000000000000000000000000000000000000000000000000000000000000000000000000
00000000000000000000000000000000000000000000000000000000000000000000000000000000000000000000000000000000000000000000000000000000000000000000000000000000000000000000000000000000000000000000000000000000000000000000000000000000000000000000000000000000000000000000000000000000000000000000000000000000000000000000000000000000000000000000000000000000000000000000000000000000
00000000000000000000000000000000000000000000000000000000000000000000000000000000000000000000000000000000000000000000000000000000000000000000000000011112111000000000000000000000000000000000000000000000000000000000000000000000000000000000000000000000000000000000000000000000000000000000000000000000000000000000000000000000000000000000000000000000000000000000000110000000
00000000000000000000000000000000000000000000000000000000000000000000000000000000000000000000000000000000000000000000000000000000000000000000000000000000000000000000000000000000000000000000000000000000000000000000000000000000000000000000000000000000000000000000000000000000000000000000000000000000000000000000000000000000000000000000000000000000000000000000000110000000
00000000000000000000000000000000000000000000000000000000000000000000000000000000000000000000000000000000000000000000000000000000000000000000000000000000000000000000000000000000000000000000000000000000000000000000000000000000000000000000000000000000000000000000000000000000010000000000000000000000000000000000000000000000000000000000000000000000000000000000010110000000
00000000000000000000000000000000000000000000000000000000000000000000000002000000000000000000000000000000000000000000000000000000000000000000000000000000000000000000000000000000011211111000000000000000000000000000000000000000000000000000000110000000000000000000000000000000110000000000000000000000000000000000000000000000000000000000000000000000000000000000010110000000
00000000000000000000000000001100000000000000000000000000000000000000011000000000000000011000000001100000000000000000000000000000000000000000000000100002000010000000000000000000000000000000000000000000000000000000000000000000000000000001100110000000000000000000000000000001110000000000000000000000000000000000000000000000000000000000000000000000000000000001010110000000
00000000000000000000000000001100000000000000000000000000000000000000011000011000000000011000000001100000000000000000000000000000000001100000000000100000300010000003000000000000000000000000000000000000000000000000000000000000000000011001100110000000000000000000000000000011110000000000000000000000000000000000000000000000000000000000000001100000000000000001010110000000
00000000000000000000000000001100000000000000000000000000000000000000011000011000000000011000000001100000000011000000000000000000000001100000000000100000000010000000000030000000000000000000000000000000000100000000000000000000000000011001100110000000000000000000000000000111110000000000000000000000100010000000000000000000000000000000000001100000000011000101010110000000
00000003000000330300000030001100003030000000000000030000000003303000011003011000000000011030330001100000000011300000030000303300000001100000330300100000000010000000000000000000000000000000000000000030300100000000000000000000330300011001100110003000303300030000000030001111110300000000000000000000130010000000000000000000000030000003303001100000000011000101010110000000
11111111111111111111111111111111111111101011011011011111111111111111111111111111111111111111111111111111111111111111111111111111111111111111111111111111111111111101011010110111111111111111110101011111111111111111110000001111111111011001100111111111111111111111111111111111111111111110001100011111111111111110000010000111111111111111111111111111111111110101010111111111
