0000000000000000000000000000000000000000000000000000000000000000000000000000000000000000000000000000000000000000000000000000000000000000000000000000000000000000000000000000000000000000000000000000000000000000000000000000000000000000000000000000000000000000
0000000000000000000000000000000000000000000000000000000000000000000000000000000000000000000000000000000000000000000000000000000000000000000000000000000000000000000000000000000000000000110000000000000000000000000000000000000000000000000000000000000000000000
0000000000000000000000000000000000000000000000000000000000000000000000000000000000000000000000000000000000000000000000000000000000000000000000000000000000000000000000000000000000000000110000000000000000000000000000000000000000000000000000000000000000000000
0000000000000000000000000000000000000000000000000000000000000000000000000000000000000000000000000000000000000000000000000000000000000000000000000000000000000000000000010000000000020000110000000000000000000000000000000000000000000000000000000000031100000000
0000000000000000000000000000000000000000000000000000000000000000000000000000000000000000000000000000000000000000000000010000000000000000000000000000000000000000000000000000000000000000000000000000000000000000000000000000000000000000000000000000311100000000
0000000000000000000000000000000000000000000000000000000000000000000000000000000000000000000000000000000000000000000000000000000000000000000000000000000000000000000000000000000000000000000000000000000000000000000000000000000000000030000000000003111100000000
0000000000000000000000000000000000000000000000000000000000000000000000000000000000000000000000000000000000000000000000000000000000000000000000000000000000000000000000000000000000002000000000000000000000000000000000000000000000000001110000001001111100000000
0000000000300000000000000000000000000000000000000000000000000000000000000000000011000000000000000000000000000000000000000000000000000000000000000000000000000000000000010000000000000000000000000000000000000000000000000000000000000000000000000011111100000000
0000000000000110000000000000000000000000000000000110000000000000000300030000000011100000000000000000000000003000000000000000000000000000000000000000000000000000000110000000000000000000000000000000000000001000000000000000000000000000000000000111111100000000
0000000000000110000000000000000000000000000010000110000000000000000000000000000011110000000000000000000000000000000000010000000000000000000000000000000000000000000110001000011000000000000000001000000000001000000110000000000000000000000000001111111100000000
0000000000000110003000300000000333000000000011000110000003300000000000000001000011111000001100000110003300000000000100010000000300333000003300000000000003330000000110301000011003000000000000001000033000001000000110000030000330000000000000011111111100000000
1111111111111111111111111111111111111110000011100111111111111111111111111111000011111100001100000011111111111111111100010011111111111111111111111111111111111111111111111000011111111100000000001111111111111111111110011111111111111100000000111111111111111111
