00000000000000000000000000000000000000000000000000000000000000000000000000000000000000000000000000000000000000000000000000000000000000000000000000000000000000000000000000000000000000
00000000000000000000000000000000000000000000000000000000000000000000000000000000000000000000000000000000000000000000000000000000000000000000000000000000000000000000000000000000000000
00000000000000000000000000000000000000000000000000000000000003000000000000000000030000000000000000000000000000000000000000000000000000000000000000000000000000000000000000000000000000
00000000000111111000000000000000000000000000000000111111111111110001111011111111111110000000000000000000000000000000000111111000000000000000000000000000000000000000000000001100000000
00000000000100000000000000000000000000000000000000000000000000030000000000000000000000000000000000000000000000000000000000000000000000000000011000000000000000000000000000011100000000
00000000000100000000000000000000000000000000000000000000000000000000000000000000000000000000000000000000000000000000030000000000000000000000011000000000000000000000000000111100000000
00000000003100301000000000000000000002000000000000000000000000000000000000000000033000001000000000000000000000000000000000000000000000000000011000000000000000000000000001111100000000
00000000000111111000222220000000011000000000000000001111111111100110000000000000022222221000000000000000000000000000011000110000000000001100222200000000000000000000000011111100000000
00000000000000000000000000000000011000000000000000000000000000001100000000000000000000000000000000000000000000000000011000110000000000001100000000000000000000000000000111111100000000
00000000000000000000000000000000011000000000000000000000000000011100000000000000000000000000000000000000000000000000011000110000000000001100000000000000000001100000001111111100000000
00000000000000000000000000000000011000000330000000000000000000111100000000000100033000000000000330000000000003330000011000110000000000001100000030000000030001100003011111111100000000
11111111111111111111111111111111111111111111111000111111111111111111110000000111111111111111111111111111111111111111111000110011111111111111111110001111111111111111111111111111111111
