000000000000000000000000000000000000000000000000000000000000000000000000000000000000000000000000000000000000000000000000000000000000000000000000000000000000000000000000000000000000000000000000
000000000000000000000000000000000000000000000000000000000000000000000000000000000000000000000000000000000000000000000000000000000000000000000000000000000000000000000000000000000000000000000000
000000000000000000000000000000000000000000000000000000000000000000000000000000000000000000000000000000000000000000000000000000000000000000000000000000000000000000000000000000000000000000000000
000000000000000000000000000000000000000000000000000000000000000000000000000000000000000000000000000000000000000000000000000000000000000000000000300000000000000000000000000000000000000000000000
000000000000000000000000000000000000000000000000000000000000000000000000002000000002110000000000000000001121112111000000001120000000000000000001210012100000000000000000000000000000000110000000
000000000000000000000000000000000000000000000000000000000000000000000000000000000000000000000000000000000000000000000000000000000000000000000000000000000000000000000000000000000000001110000000
000000000000000000000000000000000000000000000000000000000000000000000000000000000000000000000000000000000000000000000000000000000000001000000000000000000000000000000000100000000000311110000000
000000000000200200000000000000000000000000000000000000000000000000000000003303000000000000000000000000000000030000000000001110000000011000000000000000000000000003000000100000000000111110000000
000000000203000000311100000000011000000000000000000000100000000000000111111111100100000000000000110000001111111111100000000000000003111000000001210012100003000121110000100000000001111110000000
000000000000000000000000011000011000000000000000001100000000000000001100000000100100000000000000110000000000000000000000000000000031111000000000000000000000000300000001100000000311111110000000
000000000000000000000000011000011000000000000000001100000001100000011100000000100110000000000000110000000000000000000000000000000011111000000000000000000000000000300001100000000111111110000000
000000000000000000000000011003011000000000030330001103000001100000111100000000100110003300003000110000000030000000000000000000000111111000003000000330300000000000000001100000001111111110000000
111111111111111111111111111111111111110001111111111111111111111111111100000000100111111111111111111111111111111111111111100001111111111001111111111111111111111111111111110001111111111111111111
