00000000000000000000000000000000000000000000000000000000000000000000000000000000000000000000000000000000000000000000000000000000000000000000000000000000000000000000000000000000000000000000000000000000
00000000000000000000000000000000000000000000000000000000000000000300000000000000000000000000000000000000000000000000000000000000000000000000000000000000000000000000000000000000000000000000003000000000
00000000000000000000000000000000000000000000000000000000003000000000000000000000000000000000000000000000000000000000000000000000000000000000000000000000000000000000000000000000000000000000000000000000
00000000000000000000000000000000000000000000000000000011111111110000000000000000000000000000000000000000000000000000000000000000000000000000000000000000000000000000000000000000000000000000000110000000
00000000000000000000000000000000000000000000000000000000000000000000000000000000000000000000000000000000000000000000000000000000000000000000000000000000000000000000000000000000000000000000000000000000
00000000000000000000000000000000000000000000000000000000000000000000000000000000000000000000000000000000000000000000000000000000000000000000000000000000000000000000000000000000000000000000000000000000
00000000000000000001000000000000000000000000000000000000000000000000001000000000000000000000000000000000000000011000000000000000000000000000000000000000000000000000000030000000000000001000100000000000
00000000000100000001000000000000000000000000000000000000000000111111111000000000000000000000000000000000000000011000022222222200000000000000000000000000000000000002222222000000000001000000000000000000
00000000000100201001000122000000000000000000000000000000010000000000000000000000000000000000000000000000000000011000000000000000000000000000000000000011111111111110000000000000000001000000000000000000
00000000000100001001000000000000000000000000000000000000010000000000000000000000000000000000000000000000000000011000010000000000000000001000000000000000000000000000000000000110000001000000000000000000
00000000000100001001000000000000003300000000000000000000010000000000000000000300000000033000000000003300000000011000010300000100000030000000000000300000000000000000000000000110000001000000001000000000
11111111111111111111111111111111111111100111111100101111111111111111111111111111111111111111111111111111111111111111111111101111111111110111111111111111111111111111101111000111111111000011111000000000
