0000000000000000000000000000000000000000000000000000000000000000000000000000000000000000000000000000000000000000000000000000000000000000000000000000000000000000000000000000
0000000000000000000000000000000000000000000000000000000000000000000000000000000000000000000000000000000000000000000000000000000000000000000000000200000000000000000000000000
0000000000000000000000000000000000000000000000000000000000000000000000000000000000000000000000000000000000000000000000000000000000000000000000000000000000000000000000000000
0000000000000000000000000000000000000000000000000000000000000000000000000000000300000000000000000000000000000000000000000000000000000000000000000000000000000000000000000000
0000000000000000000021100000000000000000000000000000000000000000000000000001111111000020000000000000000000000000000000000000000111110000000000000000000000000000001100000000
0000000000000000000000000000000000000000000000000000000000000000000000000000000000000000000000000000000000000000000000000000000000000000000000000011000000000000311100000000
0000000000000000000000000000000000000000000000000000000003000000000000000000000000000000000000000000000000000000000000000000000000000000000000000000000100000000111100000000
0000000000000000000000000000000000000000000000000000000003000000000000000000030000000000000000000000000000000000000000000000000030000000000000110000001100000001111100000000
0000000000000000300000000000000022220000000000000000000111210000000000000001111111000000000000000000000000000000000000000000000111110000000000000000011100000011111100000000
0000000000000000000001000000000000000001000000000010000000000000000001100000000000000011000000000000001100000000000000000000000000000010000100000000111100000111111100000000
0000000000000100000001000000010300000001000030000010000000000100000001100000000000000011000000000010001100001100000100000110000000000010000100000001111100001111111100000000
0000000000000100000001000000010000000001000000000010000000000100000001100000000000000011000000000010001130001100000100000110000000300010000100000011111100011111111100000000
1111111111111111111111111111111111111111111111111111111111111111110011111111111111111111111111111111111111111111111111111111111111111111111111111011111111111111111111111111
