00000000000000000000000000000000000000000000000000000000000000000000000000000000000000000000000000000000000000000000000000000000000000000000000000000000000000000000000000000000
00000000000000000000000000000000000000000000000000000000000000000000000000000000000000000000000000000000000000000000000000000000000000000000000000000000000000000000000000000000
00000000000000000000000003000000000000000000000000000000000000000000000000000000000000000000000000000000000000000000000000000000000000000000000000000000000000000000000000000000
00000000000000000000000000000000000000000000000000000000000000000000000000000000000000000000000000000000000000000000000000000000000000000000000000000000000000000000000000000000
00000000000000000000000000000210000000000000000000000000000000000000000000000000000000000000000000000000002000000000000000000000000000000000000000000000000000000000000001100000
00000000000000000000000000000000000000000000000000000000000000000000000000000000001111000000000000000000000000000000000000000000000000000000000000000000000000000000000001100000
00000000000000000000000000000000000000000000000000000000000000000000000000000000011000000000000000000000000000000000000000000000000000000000011100000000000000000000000001100000
00000000000000000000000000000000000000000000000000000000000000000000000000000000111200000000000000000000000000000000000111022000000000000000110000000000000000000000001001100000
00000000022000000000000000001110001120000000000000000000000000000110000000000000111000000000000000000000002000000000001100000000000000000001110012000000000000000000011001100000
00000000000000000000000000111000000000000000000000000000000000001110000000000010111001110000000110000000000000000000011100000000000000000011110000000000000000000000111001100000
00000000000000000000001111100000000000000000000000000000000000011110000000000110111000000000000110000000000000000000111100000000000000000111110001110000000000000001111001100000
00000000000000000001111110000000000000000000000000000000000000111110000000000000111000000000000110000000000000000001111100011111000000001111110000000000000000000011111001100000
11111111111110011111111100000011001111111111111111001111111111111110001111111111111111000111111111111111111111111111111100000001101111111111110000001111111110001111111001111111
