000000000000000000000000000000000000000000000000000000000000000000000000000000000000000000000000000000000000000000000000000000000000000000000000000000000000000000000000000000000000000000000000
000000000000000000000000000000000000000000000000000000000000000000000000000000000000000000000000000000000000000000000000000000000000000000000000000000000000000000000000000000000000000000000000
000000000000000000000000000000000000000000000000000000000000000000000000000000000000000000000000000000000000000000000000000000000000000000000000000000000000000000000000000000000000000000000000
000000000000000000000000000000000000000000000000000000000000000000000000000000000000000000000000000000000000000000000000000000000000000000000000000000000000000000000000000000000000000000000000
000000000000000000000000000000000000000000000000000000000000000000000000000000000001210000000000000000000000000000000000000000000000000000000000000000000000000000000000000000000000001100000000
000000000000000000000000000000000000000000000000000000000000000000000000000000000000000000000000000000000000000000000000000000000000000000000000000000000000000000000000000000000000001100000000
000000000000000000000000000000000000000000000000000000000000000000000000000000000000000000000000000000000000000000000000000000000000000000000000000001100000000000000000000000000000001100000000
000000000000000000000000000000000000000000000000000000000000000000000000000000000000000000000000000000000000000000000000000000000000000000000000000001100000000000000000000000000001001100000000
000000000000000000000000000000000000000000000000000000000000000000000000000000000011111000000000000000000000000000000000000000000000000000001211000001100000000000000000000000000011001100000000
000000000000000000000000000000000000011000001100003000000000000000000000000030000010000000000000000000000000010000000000000000000000000000001000000000000000000000000000000003000111001100000000
000000000000000000000000000000000000011000001100000000000000000000000000000000000010000000000000000000001000010000000000000000000000000000001000000000001000110000010000030000001111000000000000
000000000300330300000033030000300000011000001100000000003033000003033000000000000010000000000003033000001000010030330003000000030000000003301000000000001000110000010000000000011111000000000000
111111111111111111111111111111111111111111001111111111111111111111111111111111111111100001111111111111111110011111111111111111111111111111111111100011111111111111111111111111111111111111111111
